1230012N    45000.000000 2250.000000 51750.000000
1230014N    63000.000000 3150.000000 72450.000000
1230015N    45000.000000 2250.000000 51750.000000
1230016N    45000.000000 2250.000000 51750.000000
1230018N    63000.000000 3150.000000 72450.000000
1230019N    36000.000000 1800.000000 41400.000000
1230020N    45000.000000 2250.000000 51750.000000
1230022N    45000.000000 2250.000000 51750.000000
1230023N    45000.000000 2250.000000 51750.000000
1230024P    9600.000000 0.000000 10560.000000
1230025N    63000.000000 3150.000000 72450.000000
1230026N    36000.000000 1800.000000 41400.000000
1230028N    45000.000000 2250.000000 51750.000000
1230029N    45000.000000 2250.000000 51750.000000
1230030N    63000.000000 3150.000000 72450.000000
1230031N    57600.000000 2880.000000 66240.000000
1230032N    45000.000000 2250.000000 51750.000000
1230034N    45000.000000 2250.000000 51750.000000
1230035N    45000.000000 2250.000000 51750.000000
1230036P    11000.000000 0.000000 12100.000000
1230037N    45000.000000 2250.000000 51750.000000
1230038N    45000.000000 2250.000000 51750.000000
1230040N    45000.000000 2250.000000 51750.000000
1230041N    55800.000000 2790.000000 64170.000000
1230042N    48600.000000 2430.000000 55890.000000
1230044N    45000.000000 2250.000000 51750.000000
1230045P    13200.000000 0.000000 14520.000000
1230046N    43200.000000 2160.000000 49680.000000
